6.73
5.44
5.21
4.54
4.89
4.59
4.63
4.28
4.34
4.24
4.31
4.58
4.59
4.21
4.44
4.61
4.22
4.14
4.61
4.26
4.37
4.64
4.18
4.61
4.20
4.39
4.18
4.28
4.29
4.39
4.12
4.53
4.11
4.32
4.25
4.35
4.19
4.45
4.32
4.66
4.13
4.17
4.31
4.17
4.62
4.19
4.18
4.22
4.15
4.56
4.20
4.24
4.38
4.09
4.19
4.24
4.14
4.67
4.08
4.20
4.67
4.18
4.07
4.56
4.19
4.18
4.80
4.22
4.26
4.21
4.22
4.31
4.16
4.33
4.14
4.17
4.47
4.15
4.24
4.69
4.32
4.23
4.33
4.50
4.25
4.26
4.66
4.23
4.45
4.18
4.24
4.17
4.25
4.77
4.18
4.25
4.34
4.35
4.18
4.16
4.72
4.14
4.27
4.32
4.38
4.23
4.31
4.34
4.20
4.31
4.19
4.75
4.23
4.18
4.18
4.36
4.33
4.25
4.72
4.21
4.29
4.30
4.26
4.35
4.28
4.76
4.25
4.22
4.18
4.29
4.23
4.32
4.23
4.32
4.26
4.10
4.66
4.20
4.07
4.19
4.16
4.16
4.17
4.72
4.15
4.27
4.24
4.28
4.28
4.23
4.72
4.09
4.28
4.15
4.23
4.30
4.31
4.64
4.32
4.22
4.26
4.36
4.23
4.18
4.17
4.38
4.27
4.27
4.77
4.32
4.38
4.23
4.31
4.34
4.22
4.78
4.26
4.28
4.30
4.53
4.31
4.33
4.49
4.33
4.34
4.30
4.70
4.22
4.31
4.31
4.26
4.23
4.26
4.33
4.45
4.27
4.35
4.81
4.30
4.33
4.33
4.52
4.26
4.34
4.88
4.39
4.26
4.36
4.47
4.41
4.37
4.89
4.33
4.45
4.44
4.47
4.41
4.30
4.85
4.38
4.44
4.32
4.46
4.27
4.32
4.33
4.43
4.27
4.25
4.81
4.37
4.24
4.25
4.28
4.30
4.21
4.74
4.09
4.16
4.22
