11.14
11.40
8.47
9.52
8.88
9.21
7.77
8.44
7.68
7.77
8.47
8.16
7.30
7.96
8.30
7.80
7.89
6.95
7.64
8.09
7.83
7.91
7.60
7.19
7.82
7.83
8.62
7.35
6.80
8.54
7.56
7.18
7.81
7.63
8.54
7.62
7.20
6.89
7.34
7.39
7.28
8.37
7.28
6.80
7.29
7.19
7.89
7.37
6.66
7.70
7.71
7.28
7.43
8.15
6.61
7.22
6.93
7.42
6.89
7.93
7.61
7.46
7.48
7.21
7.30
7.59
8.14
6.99
8.13
8.11
6.81
7.69
7.47
6.86
7.60
8.11
7.24
7.62
7.38
7.28
7.62
8.43
7.01
7.68
7.87
7.41
7.53
7.39
6.93
7.92
8.19
7.47
7.25
7.92
7.47
7.56
7.97
7.54
7.67
7.85
6.85
7.51
8.40
6.96
8.46
7.54
7.07
7.48
7.75
7.06
7.53
8.39
6.85
7.47
8.27
7.39
7.94
8.11
7.38
7.41
7.61
6.75
7.32
8.06
7.23
7.81
8.38
7.05
7.69
7.65
7.24
7.74
7.71
7.46
8.04
7.64
7.50
7.39
7.33
7.22
7.94
7.85
7.21
7.73
7.66
7.32
7.70
7.57
7.52
7.04
7.87
6.87
7.72
7.83
6.67
7.50
7.14
7.39
7.98
7.65
7.05
7.43
7.37
7.23
8.08
7.71
7.53
7.21
7.15
7.37
8.08
7.82
7.66
7.85
7.49
7.24
7.64
8.23
7.20
7.60
7.80
7.06
8.56
7.68
6.81
6.65
7.17
7.00
7.91
8.09
7.13
7.38
7.54
6.81
7.92
7.83
7.73
7.83
7.09
7.19
7.00
7.76
7.29
7.94
7.74
7.73
7.58
7.72
8.10
8.30
7.31
7.39
7.99
6.90
8.42
8.41
7.23
7.30
7.72
7.14
8.24
8.00
8.21
7.99
6.75
7.24
7.35
6.80
7.66
8.15
7.46
6.96
7.13
7.07
8.14
7.66
7.05
6.89
5.07
4.95
