15.53
15.33
15.28
12.13
12.19
12.00
11.31
11.27
11.84
11.07
10.53
11.05
10.79
10.58
10.63
11.25
10.97
10.68
10.21
10.81
10.57
10.43
10.45
10.43
10.36
10.16
10.09
10.13
10.33
10.19
9.86
10.55
9.09
11.59
11.86
10.57
10.11
10.24
10.50
10.13
10.10
10.04
9.96
9.88
9.56
9.91
9.80
9.33
9.75
9.87
9.53
10.07
9.59
9.26
9.51
10.37
9.63
10.00
10.04
9.63
10.28
10.24
10.10
10.23
10.19
10.04
10.20
9.86
10.55
9.82
10.10
10.35
10.36
10.33
9.40
10.31
10.02
10.22
10.06
10.10
9.99
10.59
10.24
10.35
10.53
9.81
10.37
10.54
10.38
10.06
10.10
10.24
10.07
10.91
9.90
10.52
10.63
10.38
10.10
10.34
10.28
10.17
10.42
10.77
10.09
10.28
11.02
10.27
10.51
10.54
10.33
9.79
10.41
10.36
10.32
10.13
11.00
10.52
10.72
9.72
10.74
10.29
10.67
10.63
10.38
10.42
10.31
10.27
9.92
10.21
10.16
10.27
10.28
10.45
10.17
9.96
9.87
10.67
10.23
9.86
10.32
10.00
10.42
9.88
9.99
10.21
10.50
10.20
9.99
10.63
9.90
10.23
9.64
9.93
10.57
10.78
9.66
10.02
10.32
10.49
9.86
10.45
10.17
10.41
10.96
10.31
9.59
10.07
10.34
10.53
10.49
10.43
10.24
10.29
10.14
9.75
10.05
10.24
10.17
10.36
10.30
10.33
10.40
10.46
10.47
9.61
10.19
10.36
9.88
10.66
10.01
10.42
9.67
10.11
10.06
10.54
10.12
9.91
10.51
10.16
10.26
10.44
10.02
10.23
10.62
10.31
10.47
9.81
10.42
10.79
10.28
10.66
9.62
10.05
10.16
10.34
10.01
9.38
10.48
10.35
10.20
9.81
10.53
9.65
10.10
9.65
10.41
10.37
10.07
9.56
10.34
9.96
9.64
10.05
9.90
9.87
9.70
9.00
8.51
6.59
