21.07
21.08
21.06
21.06
19.70
19.30
20.24
21.91
17.82
17.83
16.65
15.50
15.52
15.69
16.77
14.90
14.66
14.05
15.72
15.15
15.86
16.23
15.05
15.53
15.28
16.24
14.87
15.24
16.11
16.11
15.07
16.21
14.98
16.26
16.64
15.71
15.29
14.04
15.30
16.27
15.41
16.19
16.07
15.09
14.04
14.38
15.28
14.51
15.64
12.93
14.47
14.43
15.25
15.33
16.04
14.91
14.87
14.67
15.54
15.19
14.81
14.83
14.71
14.73
14.56
15.24
15.12
15.00
14.47
14.39
14.82
15.06
14.71
15.11
14.36
14.82
15.09
14.08
14.32
14.06
14.80
15.25
14.80
14.89
14.71
14.86
14.43
15.29
17.16
14.61
15.32
13.81
14.38
14.76
14.80
14.62
15.60
13.69
14.58
15.67
17.42
15.37
15.14
15.27
16.07
15.28
14.66
15.52
14.06
16.37
16.76
15.09
16.58
14.54
15.39
15.99
16.54
16.00
16.37
15.21
16.73
16.77
15.70
16.48
16.81
16.44
17.57
15.76
16.94
16.72
18.02
17.73
17.40
17.11
17.73
16.71
17.17
17.41
17.03
16.72
15.08
17.06
16.57
16.60
16.71
14.99
15.05
15.71
15.20
14.40
15.27
14.95
15.87
15.62
16.30
15.76
16.89
15.53
16.26
16.54
16.14
14.56
15.16
15.06
16.49
16.78
16.58
16.50
15.27
17.16
16.82
16.09
16.94
16.83
15.62
16.83
15.78
16.52
16.05
16.10
15.97
14.51
16.03
15.59
15.32
16.33
14.50
15.81
15.08
14.40
14.19
14.73
15.74
14.05
15.03
14.65
13.83
16.14
15.66
15.32
13.98
14.99
15.14
14.29
15.66
14.82
14.07
14.76
14.71
16.07
16.31
15.63
15.09
14.73
15.60
14.27
15.23
13.76
14.82
14.94
16.35
12.58
15.36
14.50
13.93
14.77
14.39
15.05
14.69
14.67
14.15
14.21
14.43
14.26
14.15
13.63
14.36
10.60
10.69
10.52
